6536
5318
8919
6983
928
3832
7418
8777
1482
6982
7807
3190
4215
173
5307
9083
4943
2393
5497
7139
1947
4133
8194
4674
6761
8306
2902
3209
3064
7732
8106
3601
9106
1319
1616
8177
3167
7837
9243
3365
6827
7018
3451
6891
9251
4392
3408
8848
8392
9230
3577
6665
203
1523
3699
2223
2364
8900
4630
7832
8339
9812
6045
1163
6862
9944
1330
1221
2623
8006
126
1651
3542
8346
159
613
8685
3206
7940
4900
6447
9353
769
7550
5718
3609
6413
2752
5170
4117
5765
499
3928
9982
5983
7964
1014
6113
977
2622
4335
9591
6617
3098
1637
9393
7722
4469
8923
6164
5044
2264
8745
2974
2339
7263
2790
4018
9483
2923
2976
1917
174
8663
3956
9041
4954
5195
2280
4796
3417
6068
1493
5646
918
906
4415
5063
9421
8094
2276
3492
4614
9620
6539
1153
4655
2503
69
3120
8135
7981
696
6366
9109
4869
5524
7516
3067
250
8868
8093
6469
1825
264
5221
6186
6582
7999
9596
7495
6847
2699
9971
2359
1789
6677
6796
3578
8984
3770
2800
7491
1987
3617
7137
8289
4066
4049
8040
5383
3656
6401
4454
6658
9647
1377
5471
3105
1598
1083
7744
847
7534
8717
8880
46
1098
352
4272
2295
6448
6676
7529
779
3795
5230
7087
7254
9500
1263
2289
1942
4416
7006
8599
3278
995
9839
9396
8350
7979
3677
3104
1028
6527
7368
8792
2491
7902
6417
8860
559
268
7693
1329
3164
5439
1360
2652
603
2018
5616
1752
9993
8939
7551
7949
5421
9511
1993
7303
8945
826
545
6882
1244
9082
2158
9138
8269
1796
5417
4085
3683
6751
457
3343
4083
4456
1511
4580
1193
1382
9969
2642
8249
2449
3938
3851
3410
1965
4860
8618
243
5948
926
3684
1386
2076
2085
6679
4304
8867
2676
454
7477
4844
4428
9232
534
5832
2024
7076
2876
7853
555
5961
306
9346
9661
3308
2744
6065
7483
3631
2045
791
1072
3376
4070
6129
5627
4394
7531
3259
3521
8776
8423
3188
8338
4244
5458
8334
3083
5685
3847
7419
6549
2805
9846
5021
8163
9593
5880
8401
1082
3731
2869
9819
4360
8233
5305
9684
9919
1797
1126
8175
5860
513
2308
1877
7685
2090
8476
1599
6969
2815
246
105
3586
988
9017
6151
931
1748
2059
4488
8807
3986
554
6143
4667
87
2238
8806
6249
5732
6694
8862
1483
5739
3403
5702
4793
5847
8929
1708
2066
19
8675
2758
6017
1594
7535
2044
6221
9275
5995
4386
9640
7820
9378
6731
2095
3140
7921
6718
436
7720
3191
9880
3511
9871
8436
8125
3887
5703
2554
5179
229
4010
2219
4861
6241
351
4693
7171
7360
5222
9649
6764
3207
865
7674
2043
177
5613
6060
51
7198
9689
2347
9052
6910
5004
8167
6107
7791
1357
6951
9624
1463
1397
7082
8225
8173
3050
42
8136
8065
6558
8245
8844
5905
9439
2204
4067
1793
7821
1790
138
1369
820
7013
5577
5253
2315
6975
5975
